! The total number of product groups
nbProductGroups: 90
! The maximum number of positions per order
nbOrderSize: 5
! The total number of orders
nbOrders: 2000
! The total number of shelves
nbShelves: 96

! The list of orders. Each order comprises at most five product groups.
! If an order contains less than five product groups, the remaining positions
! are filled up with zeros. E.g. the first order only contains items from two
! product groups: 30 and 50.
Orders: [
50 30 0 0 0
49 18 76 0 0
72 52 51 41 35
50 4 0 0 0
76 19 26 80 6
66 67 51 84 71
39 18 29 83 49
88 2 0 0 0
63 19 0 0 0
28 11 77 8 31
32 78 38 31 44
63 31 10 68 30
88 70 35 2 0
71 70 77 34 78
38 8 15 90 0
6 22 63 0 0
29 2 38 0 0
15 59 0 0 0
8 39 51 34 89
75 31 48 70 71
10 71 0 0 0
74 15 0 0 0
44 15 0 0 0
51 0 0 0 0
19 65 50 67 0
48 5 88 71 67
30 39 6 31 0
13 0 0 0 0
58 0 0 0 0
6 0 0 0 0
63 48 0 0 0
18 15 70 2 0
64 6 0 0 0
83 82 18 35 38
63 79 8 0 0
58 55 44 72 47
28 0 0 0 0
49 16 55 10 0
76 65 2 0 0
70 51 9 76 13
71 28 10 15 11
74 83 76 0 0
15 0 0 0 0
26 83 35 0 0
19 67 48 78 72
45 89 59 9 25
31 2 15 67 0
34 60 0 0 0
39 33 48 19 46
2 0 0 0 0
30 58 55 35 31
15 59 4 0 0
30 64 78 0 0
31 32 34 0 0
37 71 72 55 0
30 54 31 22 0
21 15 0 0 0
31 70 0 0 0
50 58 71 25 35
68 54 2 83 0
48 73 22 38 43
56 0 0 0 0
77 76 83 0 0
90 11 31 0 0
58 0 0 0 0
52 48 78 76 0
18 15 0 0 0
70 64 31 84 42
48 4 50 0 0
40 39 59 89 0
34 19 0 0 0
71 57 4 88 22
59 72 0 0 0
67 38 47 18 0
78 60 49 15 71
58 71 83 15 67
28 18 78 0 0
63 4 0 0 0
32 0 0 0 0
58 2 31 1 46
71 39 0 0 0
13 0 0 0 0
43 6 18 19 71
51 43 11 28 18
48 51 0 0 0
18 52 83 88 15
33 70 0 0 0
84 49 82 35 15
83 13 50 27 0
15 0 0 0 0
18 33 0 0 0
31 63 0 0 0
50 39 51 83 0
14 0 0 0 0
39 76 71 2 0
69 31 15 8 21
35 31 70 11 72
77 34 60 78 38
35 48 0 0 0
76 32 35 13 0
45 32 44 79 49
43 87 45 11 8
84 0 0 0 0
15 29 72 0 0
17 34 76 30 6
11 0 0 0 0
11 6 0 0 0
89 15 31 0 0
19 31 2 26 82
34 71 48 2 35
4 31 43 13 59
30 60 16 14 15
18 0 0 0 0
60 55 78 0 0
15 63 4 78 83
35 69 75 61 0
31 18 0 0 0
34 49 0 0 0
87 0 0 0 0
35 72 83 67 0
10 27 43 83 11
29 1 90 0 0
18 76 38 58 34
13 49 58 35 51
10 39 0 0 0
71 70 0 0 0
51 38 18 76 78
70 59 71 55 72
34 2 0 0 0
50 11 10 72 44
51 18 64 49 2
34 31 0 0 0
74 43 76 89 67
44 0 0 0 0
76 57 67 6 58
34 24 66 0 0
4 34 0 0 0
2 15 51 83 13
5 16 38 18 13
67 47 20 71 0
10 30 15 28 0
49 51 0 0 0
21 37 13 18 35
10 18 35 31 0
37 48 0 0 0
65 4 31 13 0
57 55 2 66 0
55 39 1 0 0
49 5 70 43 16
31 58 30 0 0
31 83 16 6 34
31 76 9 0 0
79 10 54 66 0
51 64 31 70 82
63 65 2 55 0
15 32 70 0 0
19 6 30 67 0
49 70 35 21 0
51 8 9 85 0
33 71 0 0 0
28 0 0 0 0
70 0 0 0 0
55 18 23 78 9
35 0 0 0 0
84 18 72 48 6
70 4 71 34 76
13 51 38 57 0
32 35 37 78 0
2 0 0 0 0
58 18 10 0 0
51 10 0 0 0
71 33 89 63 0
49 38 83 73 44
1 79 34 12 0
71 32 44 30 67
74 51 18 67 35
58 28 59 88 6
50 71 0 0 0
48 43 0 0 0
19 27 50 43 67
59 32 20 70 0
47 20 45 51 43
11 70 4 47 0
51 0 0 0 0
43 0 0 0 0
80 15 79 32 58
22 18 0 0 0
47 0 0 0 0
71 0 0 0 0
38 22 0 0 0
58 76 19 0 0
84 60 0 0 0
49 44 59 78 52
2 6 48 67 14
72 31 15 52 18
76 15 78 18 31
52 55 0 0 0
20 0 0 0 0
36 76 55 18 11
70 18 0 0 0
11 16 63 18 0
31 0 0 0 0
4 0 0 0 0
22 18 71 77 48
1 0 0 0 0
70 32 67 25 21
67 63 32 31 72
67 70 2 55 0
59 30 54 10 58
76 0 0 0 0
12 0 0 0 0
52 34 0 0 0
27 6 0 0 0
76 83 0 0 0
31 75 22 63 59
70 10 50 21 67
27 55 34 64 0
1 66 69 0 0
31 70 15 16 50
70 31 66 22 44
55 79 76 0 0
2 31 67 48 28
4 55 44 0 0
33 44 48 2 67
14 1 34 44 35
18 71 0 0 0
34 70 48 66 6
35 28 39 4 50
43 11 0 0 0
22 59 30 71 0
60 15 47 33 0
66 71 35 16 15
82 30 77 55 20
60 34 4 0 0
68 51 70 31 0
28 71 2 40 18
68 0 0 0 0
59 35 60 70 66
47 69 51 44 0
18 10 50 77 34
55 87 11 51 19
58 49 0 0 0
4 15 68 59 1
34 2 0 0 0
71 34 0 0 0
52 0 0 0 0
5 52 69 44 0
8 2 90 0 0
15 0 0 0 0
78 79 0 0 0
49 0 0 0 0
21 78 55 57 83
19 65 53 70 67
49 34 18 35 0
35 44 71 69 0
69 70 0 0 0
6 58 83 0 0
76 0 0 0 0
35 50 10 21 0
33 90 77 70 31
35 15 1 30 6
44 43 8 50 71
49 11 71 34 28
59 34 15 2 46
58 0 0 0 0
47 0 0 0 0
37 30 0 0 0
15 5 33 2 0
35 10 58 63 0
50 13 67 49 31
10 0 0 0 0
10 55 31 71 0
78 0 0 0 0
30 90 44 65 0
67 0 0 0 0
50 34 66 35 51
50 64 11 0 0
69 0 0 0 0
51 0 0 0 0
28 38 60 0 0
46 71 0 0 0
72 31 34 76 0
11 79 54 6 35
34 22 11 59 76
29 0 0 0 0
13 78 76 16 52
70 82 15 49 18
88 0 0 0 0
74 22 30 0 0
28 50 30 67 18
69 0 0 0 0
50 49 0 0 0
90 39 45 0 0
15 31 0 0 0
30 5 0 0 0
46 59 0 0 0
59 0 0 0 0
2 0 0 0 0
31 55 67 30 70
71 18 74 19 0
87 50 71 0 0
50 70 60 51 68
52 0 0 0 0
65 43 58 0 0
11 0 0 0 0
11 51 31 19 0
67 0 0 0 0
76 71 72 0 0
35 4 30 0 0
31 58 0 0 0
31 0 0 0 0
36 31 60 77 30
72 57 58 75 15
29 1 6 51 0
88 72 6 0 0
57 77 60 39 31
6 30 49 31 0
70 2 0 0 0
46 76 50 58 67
28 89 88 60 6
43 28 0 0 0
4 50 28 43 0
27 51 10 48 8
90 83 1 38 15
58 0 0 0 0
31 29 83 45 74
77 19 72 0 0
76 35 70 60 4
27 0 0 0 0
67 8 58 0 0
66 0 0 0 0
83 55 72 18 0
65 2 0 0 0
38 51 10 0 0
58 30 49 56 34
23 0 0 0 0
58 0 0 0 0
24 58 28 71 0
31 11 25 6 2
58 4 90 39 0
30 89 83 27 15
30 35 0 0 0
71 11 35 45 68
18 76 72 71 36
2 31 0 0 0
74 0 0 0 0
31 61 30 76 0
88 34 30 58 15
6 2 38 23 4
34 65 63 15 0
76 31 34 4 0
6 21 39 0 0
64 30 52 18 71
30 51 0 0 0
79 51 0 0 0
50 0 0 0 0
4 74 6 43 0
83 31 71 43 0
13 45 31 2 10
48 0 0 0 0
48 71 0 0 0
60 90 0 0 0
65 2 64 30 34
82 55 44 0 0
76 2 54 0 0
30 0 0 0 0
25 55 82 30 0
8 76 0 0 0
8 78 38 67 76
49 0 0 0 0
76 33 2 71 34
18 71 6 66 0
44 0 0 0 0
15 34 78 6 55
19 33 49 10 0
77 53 43 0 0
12 77 2 45 18
2 80 52 4 41
82 35 45 63 0
53 67 32 4 28
33 30 70 44 8
31 15 47 70 72
16 71 34 50 0
78 62 63 51 89
78 12 44 15 35
28 74 34 43 0
30 49 38 0 0
90 77 19 39 2
49 70 71 2 19
82 34 35 0 0
89 46 2 16 52
35 43 30 0 0
71 10 0 0 0
34 55 28 31 70
31 0 0 0 0
78 0 0 0 0
15 34 59 0 0
13 64 35 15 88
14 87 8 35 0
50 1 54 70 74
35 68 31 18 34
18 72 0 0 0
71 0 0 0 0
12 82 34 0 0
46 88 44 13 0
47 46 2 18 58
38 52 84 0 0
32 19 88 78 0
55 0 0 0 0
34 0 0 0 0
20 21 65 84 6
71 32 0 0 0
65 0 0 0 0
65 33 90 35 0
84 64 50 57 20
43 78 0 0 0
30 64 74 31 0
3 71 58 65 76
35 70 4 10 34
43 70 83 47 8
66 78 83 80 89
34 0 0 0 0
2 89 50 30 0
9 13 77 71 51
65 31 49 15 76
48 59 71 35 68
45 0 0 0 0
38 0 0 0 0
49 23 0 0 0
83 0 0 0 0
69 32 58 60 34
87 52 58 51 72
76 46 30 0 0
8 58 37 39 51
34 52 43 31 1
18 0 0 0 0
72 52 30 34 0
38 29 70 53 71
8 3 35 39 0
33 43 58 0 0
25 20 49 71 51
4 34 16 66 11
6 1 24 77 0
90 9 76 0 0
38 58 21 83 0
32 35 0 0 0
5 2 49 76 35
1 66 52 56 0
34 10 0 0 0
46 21 19 6 35
6 28 0 0 0
35 49 5 3 0
35 36 38 13 0
89 76 0 0 0
71 15 2 0 0
70 22 60 2 0
37 10 0 0 0
11 0 0 0 0
55 76 79 51 0
78 35 0 0 0
76 88 68 0 0
18 47 67 8 0
18 53 15 11 49
56 15 63 0 0
49 6 31 0 0
33 83 76 30 50
38 0 0 0 0
50 11 0 0 0
34 13 44 4 60
29 70 90 11 38
18 35 0 0 0
2 71 4 70 28
71 67 15 49 31
72 0 0 0 0
57 52 74 41 51
49 0 0 0 0
6 60 80 15 87
18 15 71 35 0
33 3 22 49 0
1 15 28 70 87
83 46 18 56 0
84 79 18 64 0
33 76 68 0 0
49 51 83 74 0
6 89 33 51 0
15 64 18 83 0
66 0 0 0 0
19 0 0 0 0
52 0 0 0 0
35 67 23 61 46
1 0 0 0 0
31 52 83 0 0
31 28 6 51 2
82 31 2 67 65
67 2 55 79 47
35 70 0 0 0
11 30 71 29 0
2 0 0 0 0
2 43 15 0 0
76 0 0 0 0
71 51 33 4 11
67 31 63 35 50
48 47 70 10 0
15 83 38 6 0
65 20 18 0 0
32 47 76 58 49
8 67 78 51 0
48 10 34 0 0
70 50 35 37 89
48 0 0 0 0
49 34 0 0 0
4 51 0 0 0
1 76 0 0 0
67 31 60 0 0
28 0 0 0 0
39 29 16 0 0
2 11 1 76 0
29 30 48 70 0
19 34 35 51 64
74 0 0 0 0
44 19 30 59 0
83 55 51 21 0
9 51 72 0 0
63 6 49 0 0
57 11 29 34 10
31 83 1 28 35
70 0 0 0 0
76 35 2 58 25
51 50 0 0 0
34 35 60 6 76
30 0 0 0 0
35 58 76 31 13
68 78 33 0 0
28 50 61 2 70
50 89 83 52 0
46 0 0 0 0
31 2 6 35 48
25 0 0 0 0
1 0 0 0 0
35 62 18 34 50
69 71 78 0 0
4 31 33 38 51
82 76 30 2 0
16 31 0 0 0
82 67 18 4 48
60 34 0 0 0
37 83 77 34 78
33 0 0 0 0
11 51 34 30 0
10 35 38 24 0
1 11 34 50 0
18 34 49 1 0
29 13 8 10 48
35 38 33 31 0
55 30 34 76 68
8 31 71 64 33
15 2 1 8 0
52 76 71 0 0
18 8 35 67 0
34 82 0 0 0
49 0 0 0 0
8 33 0 0 0
48 71 11 37 70
6 0 0 0 0
34 74 6 18 67
10 6 0 0 0
57 70 64 14 18
35 66 30 0 0
35 10 34 58 2
70 4 44 33 18
32 51 59 69 0
31 0 0 0 0
36 1 54 38 0
49 50 76 60 0
90 56 15 70 71
16 0 0 0 0
21 0 0 0 0
30 34 86 0 0
37 47 63 83 0
31 70 58 0 0
6 83 79 27 31
76 39 6 0 0
34 18 52 13 0
32 30 53 78 0
44 68 0 0 0
74 0 0 0 0
58 50 47 51 0
31 1 70 71 0
20 51 0 0 0
83 0 0 0 0
50 2 0 0 0
58 74 10 31 0
77 76 2 37 39
63 48 33 50 52
24 34 0 0 0
30 82 0 0 0
15 11 0 0 0
4 0 0 0 0
15 47 44 0 0
45 55 37 61 10
24 43 38 0 0
71 0 0 0 0
85 28 74 67 55
15 69 35 51 89
79 15 45 49 0
37 79 19 0 0
30 79 83 6 0
2 18 44 0 0
75 48 0 0 0
39 36 30 70 43
47 55 65 0 0
78 70 64 0 0
20 2 70 31 47
35 0 0 0 0
37 18 63 0 0
18 0 0 0 0
35 56 58 50 66
31 6 68 57 70
67 90 2 0 0
30 64 47 82 10
67 57 35 59 52
6 89 43 87 51
10 33 29 0 0
63 0 0 0 0
11 1 78 70 18
65 16 15 70 0
8 35 70 22 2
4 55 0 0 0
49 18 2 0 0
65 78 0 0 0
31 36 72 51 21
30 28 2 15 0
84 0 0 0 0
76 49 43 77 51
71 11 89 8 0
11 0 0 0 0
33 0 0 0 0
70 4 0 0 0
29 10 84 44 0
76 0 0 0 0
31 83 67 66 0
31 32 65 0 0
35 34 63 31 0
30 68 31 12 58
58 39 37 21 50
71 0 0 0 0
18 8 33 52 0
56 57 6 4 34
57 1 23 0 0
48 50 78 0 0
14 71 19 65 87
71 2 0 0 0
2 71 18 0 0
31 8 39 28 15
78 0 0 0 0
46 83 0 0 0
48 31 69 49 0
84 18 55 72 67
55 18 30 31 49
51 60 0 0 0
83 70 22 78 0
19 11 66 28 4
71 11 70 0 0
39 43 69 67 71
1 15 70 0 0
53 6 11 75 64
34 79 38 49 67
65 30 58 70 28
67 6 70 0 0
33 51 0 0 0
89 31 0 0 0
9 77 18 37 0
83 55 28 0 0
76 4 71 49 0
64 50 34 0 0
23 39 35 0 0
71 67 0 0 0
70 30 10 31 2
78 65 76 34 0
37 48 67 12 0
66 14 18 35 71
19 31 44 79 15
35 83 0 0 0
28 52 30 86 2
1 2 18 49 79
71 52 19 72 68
63 58 9 31 18
30 0 0 0 0
37 0 0 0 0
34 43 13 0 0
10 46 27 50 18
6 10 63 0 0
8 34 18 28 0
83 1 0 0 0
76 4 58 0 0
31 34 0 0 0
30 0 0 0 0
10 0 0 0 0
70 0 0 0 0
83 16 0 0 0
51 52 0 0 0
50 48 32 67 6
32 0 0 0 0
71 0 0 0 0
10 19 6 70 0
89 70 18 76 2
11 18 78 67 6
57 35 10 82 0
34 8 35 31 45
51 30 55 31 66
28 51 46 30 20
34 48 88 18 0
43 19 62 71 31
78 49 77 30 86
82 87 0 0 0
37 76 50 1 0
30 0 0 0 0
58 0 0 0 0
15 0 0 0 0
30 33 0 0 0
33 0 0 0 0
59 32 65 0 0
71 28 87 38 0
8 84 0 0 0
76 4 0 0 0
19 71 51 58 0
67 60 35 71 59
2 76 15 79 67
15 70 18 0 0
10 0 0 0 0
74 69 0 0 0
71 84 58 9 16
58 52 0 0 0
78 0 0 0 0
70 35 0 0 0
69 0 0 0 0
47 65 50 0 0
82 76 51 64 0
57 58 84 0 0
10 89 52 0 0
30 58 51 2 0
32 8 0 0 0
34 19 52 0 0
19 44 34 11 6
57 15 68 79 28
4 66 6 48 0
27 58 61 33 15
1 2 50 34 90
66 51 26 39 0
35 34 68 8 0
15 29 36 0 0
46 13 34 67 51
53 1 30 52 71
35 0 0 0 0
12 0 0 0 0
34 13 43 1 0
72 73 20 0 0
78 77 15 68 57
58 30 0 0 0
67 76 11 37 48
11 0 0 0 0
19 6 30 11 51
83 48 75 0 0
30 31 0 0 0
57 76 71 31 60
35 84 83 18 16
74 58 4 84 0
27 31 50 77 82
70 83 80 2 43
79 2 35 0 0
9 0 0 0 0
18 52 66 89 15
31 68 35 4 0
18 0 0 0 0
8 0 0 0 0
22 71 35 0 0
35 37 51 0 0
20 0 0 0 0
31 20 0 0 0
30 11 78 8 0
15 31 58 49 1
29 30 43 50 60
15 70 50 18 49
49 56 66 0 0
53 30 0 0 0
48 2 0 0 0
35 48 51 83 11
35 71 0 0 0
83 67 15 55 72
30 51 58 48 0
34 0 0 0 0
71 30 1 29 34
31 34 13 50 35
90 30 11 63 0
71 70 33 6 31
67 51 0 0 0
60 0 0 0 0
70 0 0 0 0
38 67 50 15 0
64 68 74 76 78
29 0 0 0 0
31 76 21 58 0
70 0 0 0 0
52 83 0 0 0
18 0 0 0 0
38 10 4 66 47
60 15 53 31 27
43 47 46 77 30
70 29 23 78 67
35 2 22 0 0
30 0 0 0 0
22 28 70 0 0
11 0 0 0 0
30 35 0 0 0
67 61 28 33 0
34 67 0 0 0
70 34 51 50 52
74 66 31 58 0
28 15 81 70 0
71 0 0 0 0
83 49 0 0 0
9 78 59 0 0
35 50 58 10 76
89 0 0 0 0
69 43 21 0 0
57 55 39 16 0
6 0 0 0 0
31 76 49 0 0
51 70 0 0 0
11 18 59 35 0
76 89 49 2 20
74 0 0 0 0
34 26 37 70 0
64 6 30 63 44
35 2 0 0 0
18 45 5 0 0
34 67 8 31 47
70 10 57 35 0
15 47 16 20 28
84 0 0 0 0
35 11 34 59 19
78 87 34 22 52
51 0 0 0 0
32 30 39 0 0
55 39 34 22 61
4 83 37 0 0
84 87 62 45 0
18 4 55 13 0
69 31 60 67 28
50 0 0 0 0
52 11 0 0 0
76 11 78 34 35
78 15 30 0 0
30 38 0 0 0
21 0 0 0 0
4 45 0 0 0
20 51 79 70 55
31 84 34 0 0
83 15 0 0 0
63 70 29 60 34
27 35 34 46 0
70 0 0 0 0
57 18 0 0 0
79 69 19 0 0
38 34 50 33 0
64 35 71 58 69
65 48 4 57 10
2 0 0 0 0
1 69 0 0 0
46 35 6 38 0
38 21 0 0 0
65 33 50 0 0
30 60 0 0 0
34 31 10 56 35
30 70 37 54 45
18 35 0 0 0
84 0 0 0 0
31 50 29 0 0
76 45 59 18 80
4 50 6 34 0
15 28 0 0 0
82 43 35 18 11
32 0 0 0 0
76 10 30 51 0
38 39 0 0 0
34 71 79 0 0
83 50 30 27 70
2 37 0 0 0
70 0 0 0 0
73 0 0 0 0
89 31 15 14 78
58 0 0 0 0
11 34 31 0 0
11 70 71 46 15
60 87 21 0 0
27 0 0 0 0
78 58 19 34 68
2 88 11 44 0
31 52 49 66 4
58 0 0 0 0
65 10 67 33 18
43 31 49 30 33
59 84 57 0 0
77 45 52 35 51
8 0 0 0 0
2 31 74 58 28
34 35 0 0 0
14 0 0 0 0
6 28 13 10 0
70 71 31 34 0
8 55 30 2 0
34 58 67 0 0
64 0 0 0 0
60 0 0 0 0
8 0 0 0 0
15 30 0 0 0
71 0 0 0 0
7 0 0 0 0
78 0 0 0 0
64 2 59 46 0
37 50 34 51 27
33 52 31 0 0
2 1 58 16 0
87 4 67 35 30
22 20 0 0 0
28 18 20 71 64
33 18 34 47 20
28 43 35 15 0
35 0 0 0 0
11 31 58 90 25
57 0 0 0 0
78 66 43 0 0
39 11 0 0 0
31 0 0 0 0
79 21 0 0 0
21 83 6 35 18
49 67 2 63 34
59 57 58 52 50
36 0 0 0 0
31 4 34 71 2
10 49 34 38 6
77 0 0 0 0
10 63 71 82 41
2 51 35 0 0
15 50 34 63 19
18 74 16 46 28
31 30 11 4 0
67 22 19 66 71
37 51 0 0 0
47 43 16 1 60
28 0 0 0 0
2 69 50 0 0
70 76 44 29 35
57 71 0 0 0
4 31 67 60 0
18 49 15 13 0
21 52 83 5 44
35 37 0 0 0
70 84 6 0 0
11 60 2 71 46
44 71 0 0 0
4 63 34 76 0
31 0 0 0 0
4 70 66 11 0
89 48 0 0 0
46 15 18 4 0
21 19 18 0 0
8 6 52 0 0
20 14 31 35 70
69 52 63 0 0
64 0 0 0 0
64 35 6 61 4
90 0 0 0 0
34 31 0 0 0
35 83 59 65 74
71 22 30 0 0
28 77 57 16 6
66 27 37 31 70
39 46 34 2 0
2 45 0 0 0
30 32 15 28 0
55 76 0 0 0
40 0 0 0 0
14 0 0 0 0
35 78 57 70 0
82 0 0 0 0
2 68 11 31 57
2 6 0 0 0
52 64 2 31 82
15 90 0 0 0
18 76 0 0 0
64 2 0 0 0
24 6 0 0 0
31 51 69 52 18
11 31 9 0 0
90 0 0 0 0
4 66 27 20 8
65 28 87 0 0
32 76 35 19 4
31 34 89 67 82
83 0 0 0 0
30 4 25 2 1
34 71 0 0 0
78 37 76 32 64
6 26 0 0 0
67 43 18 30 48
70 76 51 83 13
76 61 0 0 0
88 60 0 0 0
38 51 0 0 0
6 55 0 0 0
43 48 0 0 0
87 45 15 32 0
19 20 87 56 35
66 58 30 71 19
35 33 15 69 58
23 84 60 69 1
76 71 29 68 6
16 0 0 0 0
51 71 0 0 0
4 18 6 67 25
35 58 37 83 29
59 0 0 0 0
24 63 10 70 2
58 74 32 71 84
47 57 18 0 0
35 0 0 0 0
12 39 0 0 0
10 50 2 0 0
31 52 12 67 0
50 58 72 46 49
71 36 33 60 0
71 55 56 0 0
33 32 71 0 0
71 10 50 6 0
11 0 0 0 0
8 40 0 0 0
44 50 12 39 0
51 28 76 24 0
2 0 0 0 0
20 44 24 37 31
89 51 76 71 65
70 0 0 0 0
28 34 66 25 71
61 71 15 0 0
72 77 58 0 0
66 0 0 0 0
30 0 0 0 0
2 0 0 0 0
49 0 0 0 0
65 43 0 0 0
34 6 51 43 0
59 58 0 0 0
90 24 29 30 11
70 35 0 0 0
9 43 31 72 6
38 51 0 0 0
15 83 2 0 0
2 27 18 70 0
15 0 0 0 0
88 76 38 20 0
51 33 63 48 4
11 13 0 0 0
34 0 0 0 0
78 18 74 38 10
40 31 67 27 76
15 4 60 33 0
9 0 0 0 0
82 28 34 76 0
76 67 82 0 0
48 44 10 18 0
63 30 70 58 78
10 50 0 0 0
65 66 28 2 38
15 46 21 0 0
34 18 6 2 37
19 70 36 34 0
10 83 71 30 49
35 33 22 51 0
57 8 39 71 49
32 0 0 0 0
19 51 80 88 35
87 30 31 63 83
78 20 0 0 0
34 83 63 0 0
62 29 43 15 0
19 74 43 4 0
28 63 15 70 76
6 15 0 0 0
50 0 0 0 0
49 37 75 0 0
67 54 34 0 0
44 63 0 0 0
50 11 51 0 0
4 37 70 34 79
18 71 76 35 90
30 58 80 4 71
34 2 59 46 77
55 34 6 0 0
67 52 18 76 34
66 8 38 10 0
76 83 0 0 0
31 22 0 0 0
84 18 34 55 0
18 50 71 0 0
71 37 21 30 10
65 0 0 0 0
71 48 0 0 0
71 38 83 30 0
50 70 0 0 0
19 16 2 22 18
1 67 88 0 0
47 57 78 67 10
43 38 0 0 0
46 0 0 0 0
78 0 0 0 0
50 55 37 30 89
68 0 0 0 0
45 34 55 58 67
38 76 31 64 0
28 20 31 2 78
2 58 0 0 0
6 30 31 34 84
23 72 51 30 43
31 67 54 35 0
83 67 15 34 5
35 72 50 34 71
55 35 5 26 31
59 67 13 0 0
4 58 34 0 0
58 63 55 6 11
10 0 0 0 0
6 35 44 4 15
30 35 0 0 0
10 0 0 0 0
63 39 5 0 0
46 0 0 0 0
51 31 44 78 71
58 18 76 39 4
36 75 64 71 31
58 11 0 0 0
44 11 51 66 31
31 43 83 19 47
80 4 90 41 0
29 71 0 0 0
15 83 0 0 0
30 16 31 58 0
49 43 0 0 0
76 70 6 88 0
34 19 49 35 20
10 23 58 0 0
18 0 0 0 0
51 31 0 0 0
49 18 66 35 33
70 77 0 0 0
18 1 28 46 0
35 38 88 90 16
51 43 74 34 0
90 58 18 71 56
55 57 68 0 0
64 0 0 0 0
4 6 30 0 0
52 49 11 34 48
14 43 34 39 31
15 68 0 0 0
30 0 0 0 0
58 48 74 72 13
83 50 59 86 0
58 31 37 0 0
77 0 0 0 0
34 15 76 0 0
34 70 51 40 57
51 35 43 18 0
23 60 51 0 0
51 0 0 0 0
33 10 0 0 0
5 55 76 30 28
54 74 2 0 0
67 20 0 0 0
8 2 28 54 71
10 47 83 38 30
34 31 35 0 0
14 47 59 58 27
2 31 18 45 20
67 89 35 0 0
47 0 0 0 0
76 44 8 48 52
58 0 0 0 0
76 84 30 34 49
31 4 63 60 34
34 28 0 0 0
34 79 48 58 13
54 60 66 69 0
31 0 0 0 0
2 4 76 58 78
46 2 48 18 67
2 43 34 58 48
2 0 0 0 0
31 28 71 0 0
2 15 30 0 0
34 71 21 28 46
60 84 31 59 0
38 32 74 0 0
33 32 0 0 0
40 60 77 0 0
36 2 0 0 0
11 15 48 51 1
50 0 0 0 0
10 2 30 58 0
76 31 57 35 52
55 0 0 0 0
51 70 13 49 0
31 24 83 39 46
6 48 33 15 0
50 71 31 0 0
6 15 49 76 0
19 70 63 0 0
31 84 76 71 67
52 71 34 33 37
6 31 1 65 0
58 28 0 0 0
83 0 0 0 0
10 51 63 49 0
85 14 67 66 11
4 34 8 15 0
34 35 28 57 20
70 0 0 0 0
19 66 26 58 67
83 16 68 0 0
85 90 0 0 0
20 80 57 3 0
48 18 64 89 31
22 31 0 0 0
70 44 30 0 0
88 11 52 0 0
34 38 89 31 77
59 21 20 72 8
58 0 0 0 0
51 30 72 0 0
4 9 89 15 0
83 89 13 34 18
80 15 6 51 1
63 30 16 18 70
34 60 10 46 15
76 83 34 2 0
13 37 19 61 0
2 70 4 0 0
50 60 72 44 76
38 34 13 11 50
67 11 58 71 0
51 39 76 70 52
49 43 2 32 0
6 75 28 18 0
55 30 70 49 44
50 4 39 31 34
34 6 59 50 29
11 0 0 0 0
10 83 0 0 0
88 34 52 50 35
84 34 19 56 0
48 15 60 0 0
11 0 0 0 0
31 70 79 0 0
34 75 18 0 0
69 0 0 0 0
68 59 47 0 0
6 0 0 0 0
1 48 0 0 0
28 18 48 30 34
83 0 0 0 0
15 34 59 67 33
31 30 0 0 0
60 8 31 35 0
35 31 76 50 47
34 76 49 73 13
6 76 30 0 0
35 0 0 0 0
68 83 53 67 0
31 44 39 64 30
31 34 33 4 52
51 15 62 79 74
19 67 0 0 0
52 0 0 0 0
65 0 0 0 0
74 52 0 0 0
1 83 13 52 35
6 49 43 10 0
62 35 68 4 49
57 34 52 0 0
48 60 38 20 55
38 76 71 30 87
60 33 84 48 37
15 74 4 57 30
60 30 35 0 0
30 52 0 0 0
51 38 2 83 0
51 0 0 0 0
67 58 15 63 0
70 15 30 35 0
51 39 70 8 4
67 47 71 83 0
28 60 30 52 0
66 34 52 0 0
24 71 77 0 0
15 49 2 0 0
50 89 30 0 0
52 28 63 65 49
10 0 0 0 0
35 18 59 67 0
30 55 8 57 5
4 89 0 0 0
90 27 65 30 67
38 35 0 0 0
8 47 58 71 33
74 31 0 0 0
76 0 0 0 0
71 0 0 0 0
51 68 31 0 0
4 34 55 0 0
39 0 0 0 0
34 19 4 0 0
1 0 0 0 0
67 13 4 0 0
67 34 49 63 31
13 84 1 0 0
35 48 54 0 0
64 4 46 1 71
2 19 90 0 0
59 15 0 0 0
55 15 0 0 0
49 52 8 50 0
15 48 11 13 0
43 15 70 50 61
5 0 0 0 0
39 10 0 0 0
83 76 48 71 35
8 18 34 35 37
51 76 70 0 0
60 58 38 68 35
38 76 0 0 0
8 59 35 27 60
55 31 63 70 51
87 0 0 0 0
35 70 0 0 0
34 39 6 0 0
74 78 1 60 15
35 14 15 47 0
22 52 6 78 38
52 0 0 0 0
28 66 51 10 0
58 0 0 0 0
40 0 0 0 0
84 4 0 0 0
8 67 2 31 34
75 8 0 0 0
67 1 10 0 0
87 24 35 34 49
67 10 33 0 0
5 3 76 72 0
18 76 0 0 0
77 67 0 0 0
66 0 0 0 0
84 83 66 57 0
75 10 51 56 31
35 48 78 71 33
52 19 49 46 67
43 76 2 58 0
34 70 32 60 0
76 40 13 71 51
35 59 39 53 0
59 76 83 70 46
71 43 58 22 31
14 78 0 0 0
35 48 51 28 18
22 0 0 0 0
71 78 38 60 0
50 64 0 0 0
38 48 35 0 0
34 48 15 0 0
72 88 0 0 0
12 60 0 0 0
70 66 90 0 0
67 47 0 0 0
50 31 51 29 0
29 6 68 1 0
15 0 0 0 0
2 71 0 0 0
83 6 38 0 0
35 67 70 6 0
26 28 39 34 0
31 21 0 0 0
39 45 70 35 28
4 0 0 0 0
14 0 0 0 0
35 18 49 0 0
21 49 71 83 33
80 87 63 71 0
84 71 69 52 2
34 63 69 0 0
71 44 0 0 0
67 87 31 0 0
12 31 64 0 0
67 15 23 50 76
66 22 0 0 0
47 76 90 23 78
60 38 44 75 2
34 68 20 69 0
59 30 35 18 70
38 76 48 51 34
20 4 15 30 0
2 21 36 90 0
80 89 15 0 0
76 58 72 0 0
35 72 70 46 0
71 70 0 0 0
58 47 51 31 0
33 67 0 0 0
51 11 33 76 35
78 80 0 0 0
20 49 34 71 70
74 0 0 0 0
18 59 0 0 0
58 71 76 35 0
89 51 52 0 0
78 58 28 49 43
51 0 0 0 0
36 78 57 87 0
2 0 0 0 0
59 2 6 48 30
71 58 32 67 66
35 15 0 0 0
28 78 35 50 1
67 76 15 28 0
69 30 76 20 63
71 11 52 0 0
10 71 43 0 0
82 0 0 0 0
20 0 0 0 0
4 34 6 38 71
30 8 0 0 0
51 71 67 35 0
48 46 1 28 71
15 0 0 0 0
60 45 35 57 69
58 60 24 0 0
59 58 43 87 76
31 14 23 0 0
10 39 34 64 28
61 53 30 11 0
35 20 54 4 0
49 15 0 0 0
34 24 31 50 35
68 60 0 0 0
43 6 83 0 0
16 0 0 0 0
34 90 0 0 0
28 60 8 52 18
1 60 70 37 28
59 0 0 0 0
35 65 70 0 0
1 71 32 0 0
75 28 34 0 0
60 0 0 0 0
27 2 18 6 57
49 0 0 0 0
78 44 34 0 0
83 35 49 0 0
70 48 2 0 0
71 77 2 0 0
71 6 48 8 0
30 0 0 0 0
66 0 0 0 0
71 51 18 24 60
13 38 34 0 0
41 57 0 0 0
64 72 84 0 0
83 6 0 0 0
71 49 24 0 0
11 46 38 0 0
2 36 52 49 33
31 0 0 0 0
34 79 28 88 49
33 1 21 11 70
51 6 0 0 0
31 0 0 0 0
50 90 49 0 0
18 15 33 35 0
34 2 58 38 0
28 33 0 0 0
77 58 15 0 0
35 28 8 49 0
57 34 30 0 0
48 0 0 0 0
77 19 35 0 0
58 20 35 60 19
55 0 0 0 0
1 0 0 0 0
90 34 70 0 0
64 0 0 0 0
64 18 0 0 0
71 67 31 0 0
70 58 52 72 88
19 34 38 35 70
35 13 15 0 0
35 37 34 0 0
34 79 19 71 4
15 0 0 0 0
28 0 0 0 0
76 0 0 0 0
25 18 34 63 0
60 51 4 15 70
45 6 76 18 0
31 0 0 0 0
43 48 87 11 31
48 47 6 34 60
6 76 34 18 71
67 8 51 0 0
51 30 0 0 0
31 8 43 0 0
34 71 18 5 63
31 10 38 82 0
76 67 74 8 15
71 70 0 0 0
31 84 24 58 21
44 20 0 0 0
15 48 70 57 34
60 51 0 0 0
83 34 79 0 0
63 2 0 0 0
38 76 28 71 50
50 0 0 0 0
66 74 33 82 0
35 0 0 0 0
38 70 52 39 34
47 11 35 0 0
45 63 0 0 0
51 67 0 0 0
51 3 0 0 0
82 28 74 89 0
48 63 60 0 0
8 76 56 2 28
38 6 19 11 47
80 18 0 0 0
59 28 74 0 0
80 49 65 35 0
58 0 0 0 0
60 83 38 79 15
55 11 76 0 0
1 41 35 57 59
18 66 60 0 0
33 71 31 11 15
59 71 50 2 49
10 70 0 0 0
67 84 65 15 47
6 28 31 0 0
62 0 0 0 0
57 18 2 0 0
70 34 0 0 0
79 4 59 90 0
4 35 56 18 15
19 45 18 71 0
35 0 0 0 0
34 52 4 71 10
52 0 0 0 0
29 13 30 0 0
31 15 48 11 84
20 90 18 0 0
76 18 60 70 0
55 83 30 39 48
39 34 6 58 0
51 35 83 4 0
44 84 67 0 0
83 58 51 15 34
34 26 63 4 0
78 0 0 0 0
6 35 51 0 0
55 68 64 0 0
16 29 24 35 51
1 88 0 0 0
18 63 0 0 0
71 38 69 0 0
35 0 0 0 0
34 28 74 0 0
5 11 76 67 71
14 0 0 0 0
69 70 0 0 0
24 2 55 22 35
39 51 49 0 0
49 76 0 0 0
37 0 0 0 0
71 35 30 0 0
49 70 20 0 0
1 47 71 51 0
52 54 0 0 0
33 6 32 64 0
18 0 0 0 0
31 0 0 0 0
77 70 15 0 0
55 46 65 0 0
30 10 69 67 0
6 4 70 44 0
52 71 0 0 0
87 54 30 39 0
8 90 15 0 0
50 65 30 62 0
2 8 76 0 0
10 58 1 19 0
70 28 0 0 0
1 78 55 4 0
71 76 6 38 0
63 47 58 51 68
79 33 31 38 0
71 0 0 0 0
89 14 57 28 0
20 32 0 0 0
23 49 43 39 58
58 38 33 6 0
67 24 50 15 49
78 15 70 20 35
11 18 32 31 46
43 50 71 41 0
71 0 0 0 0
28 35 55 24 0
34 71 0 0 0
4 43 0 0 0
18 51 6 35 28
60 74 28 31 0
34 23 80 0 0
68 38 70 52 57
10 18 77 0 0
18 1 63 15 49
61 31 77 2 0
70 44 60 0 0
38 4 87 58 0
59 31 0 0 0
90 0 0 0 0
10 31 47 52 0
18 90 6 35 53
19 70 50 47 0
71 47 69 43 0
76 29 10 0 0
21 0 0 0 0
19 37 6 82 0
72 15 31 71 84
33 1 0 0 0
37 77 4 19 11
57 19 4 71 0
58 80 0 0 0
30 84 8 0 0
51 34 0 0 0
47 28 50 0 0
71 35 34 14 76
51 0 0 0 0
76 33 18 67 0
78 19 38 72 34
13 50 0 0 0
71 0 0 0 0
70 50 11 61 21
63 18 2 0 0
35 0 0 0 0
18 28 15 0 0
8 66 34 71 70
58 44 19 34 59
30 15 55 58 0
88 86 0 0 0
51 64 27 58 18
31 11 8 70 49
38 4 44 57 0
43 70 78 23 0
79 71 0 0 0
11 15 54 78 84
51 13 76 0 0
34 35 0 0 0
34 30 51 68 58
63 0 0 0 0
80 38 31 0 0
29 31 32 83 0
51 70 35 0 0
36 0 0 0 0
83 52 76 2 0
33 51 35 73 37
11 8 0 0 0
10 33 30 82 0
70 0 0 0 0
31 11 43 0 0
71 70 63 28 0
18 83 69 28 0
76 58 1 72 84
46 33 45 63 82
31 11 20 0 0
10 59 34 45 0
6 13 15 44 21
31 0 0 0 0
70 18 0 0 0
6 70 0 0 0
6 26 43 48 68
13 16 6 0 0
43 39 72 34 0
76 34 0 0 0
71 83 0 0 0
39 35 0 0 0
32 39 76 31 50
30 0 0 0 0
13 44 0 0 0
66 71 28 0 0
63 47 15 45 0
71 47 52 58 0
4 0 0 0 0
47 67 29 0 0
67 0 0 0 0
76 49 50 0 0
35 70 78 6 50
20 37 0 0 0
40 33 64 28 0
72 84 18 2 64
70 2 18 43 0
67 0 0 0 0
34 0 0 0 0
11 34 0 0 0
49 60 50 0 0
76 58 0 0 0
16 67 65 31 70
76 55 47 0 0
15 70 0 0 0
37 82 29 71 0
11 58 0 0 0
16 30 0 0 0
43 29 63 37 76
58 70 67 31 0
45 0 0 0 0
60 34 79 35 66
28 38 31 34 4
70 47 0 0 0
67 45 1 18 51
54 19 88 27 15
71 31 33 24 0
33 60 31 11 51
79 87 13 67 6
58 50 67 64 24
31 6 67 51 0
34 3 33 0 0
88 36 58 8 71
35 2 8 0 0
29 0 0 0 0
6 58 29 0 0
63 78 50 0 0
38 34 51 83 90
18 79 71 30 0
30 83 65 60 13
31 0 0 0 0
33 10 8 0 0
34 30 55 0 0
31 34 67 82 2
18 76 49 50 0
57 43 0 0 0
52 51 0 0 0
33 72 0 0 0
52 76 86 53 10
67 15 0 0 0
31 0 0 0 0
55 13 8 25 10
67 0 0 0 0
38 18 10 34 2
10 71 26 76 20
83 51 35 0 0
6 39 71 50 0
58 11 48 70 18
48 52 0 0 0
33 0 0 0 0
71 70 19 75 0
52 6 0 0 0
8 57 0 0 0
89 43 0 0 0
51 70 67 78 84
63 83 84 1 0
30 0 0 0 0
30 80 28 83 71
34 0 0 0 0
70 30 33 82 83
1 58 0 0 0
28 0 0 0 0
49 87 10 48 34
11 0 0 0 0
8 21 46 33 15
57 0 0 0 0
1 34 71 55 15
30 0 0 0 0
5 58 70 77 34
43 69 0 0 0
30 35 0 0 0
13 31 79 33 82
15 35 20 31 0
70 52 72 0 0
30 2 34 0 0
43 30 33 70 71
49 31 15 58 0
76 78 48 15 0
39 34 45 0 0
82 72 27 60 11
18 60 71 0 0
15 38 48 34 8
35 15 0 0 0
69 57 34 0 0
50 6 36 9 0
65 34 71 11 72
30 0 0 0 0
15 8 72 44 66
18 33 58 71 0
75 71 18 51 0
38 50 6 45 0
70 67 4 34 6
70 71 0 0 0
43 34 0 0 0
51 4 70 13 11
72 24 43 0 0
16 0 0 0 0
37 57 31 30 67
82 15 34 71 46
18 51 0 0 0
38 35 0 0 0
70 15 0 0 0
71 34 1 67 87
67 0 0 0 0
35 0 0 0 0
22 16 71 51 2
31 10 0 0 0
30 27 0 0 0
11 0 0 0 0
64 4 6 0 0
78 35 0 0 0
31 76 55 83 58
51 35 2 16 0
31 6 75 83 18
35 2 44 55 0
38 59 51 83 34
37 38 35 46 49
76 50 46 21 59
74 0 0 0 0
15 39 10 0 0
19 0 0 0 0
35 2 6 0 0
48 11 10 50 0
70 58 10 0 0
67 16 65 4 21
2 0 0 0 0
63 50 18 38 0
55 53 0 0 0
6 35 67 78 0
83 64 34 49 16
4 71 83 0 0
64 79 84 0 0
4 0 0 0 0
11 65 34 70 0
50 0 0 0 0
69 11 67 15 0
76 78 29 2 30
70 78 11 0 0
70 52 47 0 0
83 33 2 34 16
69 35 0 0 0
48 1 47 70 0
5 0 0 0 0
30 34 19 27 59
82 33 0 0 0
55 7 74 90 38
70 34 55 16 18
66 67 69 0 0
13 34 67 84 15
27 54 20 35 23
51 84 31 6 0
50 34 0 0 0
35 48 0 0 0
83 13 55 11 58
57 34 21 18 58
50 71 28 30 72
45 76 19 10 34
79 71 34 48 0
38 33 76 28 4
28 63 32 0 0
68 37 31 35 38
65 52 77 0 0
46 39 0 0 0
31 2 60 0 0
33 6 49 55 51
8 67 35 4 89
43 0 0 0 0
31 34 0 0 0
49 15 60 18 76
31 46 76 71 51
31 0 0 0 0
33 70 0 0 0
67 58 60 83 49
71 0 0 0 0
2 23 0 0 0
51 0 0 0 0
65 28 0 0 0
34 76 2 43 71
13 16 49 0 0
51 0 0 0 0
34 60 90 58 0
28 71 48 18 0
68 90 67 49 58
74 0 0 0 0
2 0 0 0 0
68 76 0 0 0
35 15 20 0 0
49 83 30 52 35
48 39 8 57 0
19 20 8 44 49
44 31 0 0 0
49 19 51 83 0
34 40 15 47 10
32 18 33 47 50
33 0 0 0 0
55 57 71 31 0
37 78 45 4 79
19 51 71 68 89
35 74 31 71 34
51 2 32 6 0
35 0 0 0 0
66 10 70 31 34
20 0 0 0 0
35 48 5 31 13
38 0 0 0 0
8 0 0 0 0
30 39 78 28 60
34 6 0 0 0
36 58 71 5 0
8 35 0 0 0
31 51 76 0 0
35 0 0 0 0
30 0 0 0 0
1 87 0 0 0
57 32 13 71 51
34 84 38 89 10
51 10 83 28 30
66 55 86 35 50
46 90 35 6 11
69 50 0 0 0
19 86 15 59 0
69 0 0 0 0
31 46 56 34 0
31 13 37 0 0
15 0 0 0 0
58 45 1 0 0
88 63 0 0 0
52 18 63 0 0
71 31 74 84 15
50 82 20 77 0
70 0 0 0 0
35 27 47 67 18
74 64 53 70 11
11 63 78 18 2
76 0 0 0 0
51 82 11 0 0
6 8 16 0 0
15 34 0 0 0
13 70 78 0 0
52 11 0 0 0
51 43 0 0 0
59 8 33 18 0
67 0 0 0 0
2 18 44 33 0
87 0 0 0 0
89 35 71 1 62
51 66 50 47 34
15 72 0 0 0
11 70 0 0 0
32 6 79 34 0
87 60 45 68 0
58 18 65 39 70
28 15 0 0 0
18 31 78 63 32
71 35 2 0 0
24 43 0 0 0
68 77 12 74 4
71 6 36 0 0
52 30 79 34 0
60 0 0 0 0
50 34 0 0 0
35 34 18 60 0
71 0 0 0 0
6 33 55 0 0
28 21 38 33 15
33 71 35 51 0
15 6 78 35 0
57 48 44 77 52
49 48 63 34 0
76 22 31 5 70
4 31 0 0 0
50 71 83 89 49
44 0 0 0 0
1 60 0 0 0
29 1 70 71 76
48 52 84 58 30
60 46 35 0 0
8 43 70 77 31
46 0 0 0 0
90 23 64 35 0
4 35 0 0 0
]

! Current allocation of product groups to shelves. Each product groups occupies exactly one shelf.
Allocations: [
45 79 39 68 73 53 19 44 16 71 27 41 2 46 60 67 56 83 80 57 69 55 75 34 89 12 81 62 23 26 24 86 3 17 90 58 51 25 85 65 31 11 87 10 13 70 35 32 47 6 30 21 43 64 66 78 76 61 8 72 22 18 82 14 28 4 5 84 54 48 63 29 49 74 37 36 20 38 50 7 88 9 40 77 15 1 33 59 42 52 0 0 0 0 0 0
]

! Pairwise distances between shelves measured in the number of squares between them.
! To get the distance in meters, you have to multiply the number of squares by 3.
DistanceShelfShelf: [
0 1 2 3 4 5 6 7 8 9 10 11 12 13 14 15 16 17 18 19 20 21 22 23 0 1 2 3 4 5 6 7 8 9 10 11 12 13 14 15 16 17 18 19 20 21 22 23 5 6 7 8 9 10 11 12 13 14 15 16 17 18 19 20 21 22 23 24 25 26 27 28 5 6 7 8 9 10 11 12 13 14 15 16 17 18 19 20 21 22 23 24 25 26 27 28
1 0 1 2 3 4 5 6 7 8 9 10 11 12 13 14 15 16 17 18 19 20 21 22 1 0 1 2 3 4 5 6 7 8 9 10 11 12 13 14 15 16 17 18 19 20 21 22 6 7 8 9 10 11 12 13 14 15 16 17 18 19 20 21 22 23 24 25 26 27 28 27 6 7 8 9 10 11 12 13 14 15 16 17 18 19 20 21 22 23 24 25 26 27 28 27
2 1 0 1 2 3 4 5 6 7 8 9 10 11 12 13 14 15 16 17 18 19 20 21 2 1 0 1 2 3 4 5 6 7 8 9 10 11 12 13 14 15 16 17 18 19 20 21 7 8 9 10 11 12 13 14 15 16 17 18 19 20 21 22 23 24 25 26 27 28 27 26 7 8 9 10 11 12 13 14 15 16 17 18 19 20 21 22 23 24 25 26 27 28 27 26
3 2 1 0 1 2 3 4 5 6 7 8 9 10 11 12 13 14 15 16 17 18 19 20 3 2 1 0 1 2 3 4 5 6 7 8 9 10 11 12 13 14 15 16 17 18 19 20 8 9 10 11 12 13 14 15 16 17 18 19 20 21 22 23 24 25 26 27 28 27 26 25 8 9 10 11 12 13 14 15 16 17 18 19 20 21 22 23 24 25 26 27 28 27 26 25
4 3 2 1 0 1 2 3 4 5 6 7 8 9 10 11 12 13 14 15 16 17 18 19 4 3 2 1 0 1 2 3 4 5 6 7 8 9 10 11 12 13 14 15 16 17 18 19 9 10 11 12 13 14 15 16 17 18 19 20 21 22 23 24 25 26 27 28 27 26 25 24 9 10 11 12 13 14 15 16 17 18 19 20 21 22 23 24 25 26 27 28 27 26 25 24
5 4 3 2 1 0 1 2 3 4 5 6 7 8 9 10 11 12 13 14 15 16 17 18 5 4 3 2 1 0 1 2 3 4 5 6 7 8 9 10 11 12 13 14 15 16 17 18 10 11 12 13 14 15 16 17 18 19 20 21 22 23 24 25 26 27 28 27 26 25 24 23 10 11 12 13 14 15 16 17 18 19 20 21 22 23 24 25 26 27 28 27 26 25 24 23
6 5 4 3 2 1 0 1 2 3 4 5 6 7 8 9 10 11 12 13 14 15 16 17 6 5 4 3 2 1 0 1 2 3 4 5 6 7 8 9 10 11 12 13 14 15 16 17 11 12 13 14 15 16 17 18 19 20 21 22 23 24 25 26 27 28 27 26 25 24 23 22 11 12 13 14 15 16 17 18 19 20 21 22 23 24 25 26 27 28 27 26 25 24 23 22
7 6 5 4 3 2 1 0 1 2 3 4 5 6 7 8 9 10 11 12 13 14 15 16 7 6 5 4 3 2 1 0 1 2 3 4 5 6 7 8 9 10 11 12 13 14 15 16 12 13 14 15 16 17 18 19 20 21 22 23 24 25 26 27 28 27 26 25 24 23 22 21 12 13 14 15 16 17 18 19 20 21 22 23 24 25 26 27 28 27 26 25 24 23 22 21
8 7 6 5 4 3 2 1 0 1 2 3 4 5 6 7 8 9 10 11 12 13 14 15 8 7 6 5 4 3 2 1 0 1 2 3 4 5 6 7 8 9 10 11 12 13 14 15 13 14 15 16 17 18 19 20 21 22 23 24 25 26 27 28 27 26 25 24 23 22 21 20 13 14 15 16 17 18 19 20 21 22 23 24 25 26 27 28 27 26 25 24 23 22 21 20
9 8 7 6 5 4 3 2 1 0 1 2 3 4 5 6 7 8 9 10 11 12 13 14 9 8 7 6 5 4 3 2 1 0 1 2 3 4 5 6 7 8 9 10 11 12 13 14 14 15 16 17 18 19 20 21 22 23 24 25 26 27 28 27 26 25 24 23 22 21 20 19 14 15 16 17 18 19 20 21 22 23 24 25 26 27 28 27 26 25 24 23 22 21 20 19
10 9 8 7 6 5 4 3 2 1 0 1 2 3 4 5 6 7 8 9 10 11 12 13 10 9 8 7 6 5 4 3 2 1 0 1 2 3 4 5 6 7 8 9 10 11 12 13 15 16 17 18 19 20 21 22 23 24 25 26 27 28 27 26 25 24 23 22 21 20 19 18 15 16 17 18 19 20 21 22 23 24 25 26 27 28 27 26 25 24 23 22 21 20 19 18
11 10 9 8 7 6 5 4 3 2 1 0 1 2 3 4 5 6 7 8 9 10 11 12 11 10 9 8 7 6 5 4 3 2 1 0 1 2 3 4 5 6 7 8 9 10 11 12 16 17 18 19 20 21 22 23 24 25 26 27 28 27 26 25 24 23 22 21 20 19 18 17 16 17 18 19 20 21 22 23 24 25 26 27 28 27 26 25 24 23 22 21 20 19 18 17
12 11 10 9 8 7 6 5 4 3 2 1 0 1 2 3 4 5 6 7 8 9 10 11 12 11 10 9 8 7 6 5 4 3 2 1 0 1 2 3 4 5 6 7 8 9 10 11 17 18 19 20 21 22 23 24 25 26 27 28 27 26 25 24 23 22 21 20 19 18 17 16 17 18 19 20 21 22 23 24 25 26 27 28 27 26 25 24 23 22 21 20 19 18 17 16
13 12 11 10 9 8 7 6 5 4 3 2 1 0 1 2 3 4 5 6 7 8 9 10 13 12 11 10 9 8 7 6 5 4 3 2 1 0 1 2 3 4 5 6 7 8 9 10 18 19 20 21 22 23 24 25 26 27 28 27 26 25 24 23 22 21 20 19 18 17 16 15 18 19 20 21 22 23 24 25 26 27 28 27 26 25 24 23 22 21 20 19 18 17 16 15
14 13 12 11 10 9 8 7 6 5 4 3 2 1 0 1 2 3 4 5 6 7 8 9 14 13 12 11 10 9 8 7 6 5 4 3 2 1 0 1 2 3 4 5 6 7 8 9 19 20 21 22 23 24 25 26 27 28 27 26 25 24 23 22 21 20 19 18 17 16 15 14 19 20 21 22 23 24 25 26 27 28 27 26 25 24 23 22 21 20 19 18 17 16 15 14
15 14 13 12 11 10 9 8 7 6 5 4 3 2 1 0 1 2 3 4 5 6 7 8 15 14 13 12 11 10 9 8 7 6 5 4 3 2 1 0 1 2 3 4 5 6 7 8 20 21 22 23 24 25 26 27 28 27 26 25 24 23 22 21 20 19 18 17 16 15 14 13 20 21 22 23 24 25 26 27 28 27 26 25 24 23 22 21 20 19 18 17 16 15 14 13
16 15 14 13 12 11 10 9 8 7 6 5 4 3 2 1 0 1 2 3 4 5 6 7 16 15 14 13 12 11 10 9 8 7 6 5 4 3 2 1 0 1 2 3 4 5 6 7 21 22 23 24 25 26 27 28 27 26 25 24 23 22 21 20 19 18 17 16 15 14 13 12 21 22 23 24 25 26 27 28 27 26 25 24 23 22 21 20 19 18 17 16 15 14 13 12
17 16 15 14 13 12 11 10 9 8 7 6 5 4 3 2 1 0 1 2 3 4 5 6 17 16 15 14 13 12 11 10 9 8 7 6 5 4 3 2 1 0 1 2 3 4 5 6 22 23 24 25 26 27 28 27 26 25 24 23 22 21 20 19 18 17 16 15 14 13 12 11 22 23 24 25 26 27 28 27 26 25 24 23 22 21 20 19 18 17 16 15 14 13 12 11
18 17 16 15 14 13 12 11 10 9 8 7 6 5 4 3 2 1 0 1 2 3 4 5 18 17 16 15 14 13 12 11 10 9 8 7 6 5 4 3 2 1 0 1 2 3 4 5 23 24 25 26 27 28 27 26 25 24 23 22 21 20 19 18 17 16 15 14 13 12 11 10 23 24 25 26 27 28 27 26 25 24 23 22 21 20 19 18 17 16 15 14 13 12 11 10
19 18 17 16 15 14 13 12 11 10 9 8 7 6 5 4 3 2 1 0 1 2 3 4 19 18 17 16 15 14 13 12 11 10 9 8 7 6 5 4 3 2 1 0 1 2 3 4 24 25 26 27 28 27 26 25 24 23 22 21 20 19 18 17 16 15 14 13 12 11 10 9 24 25 26 27 28 27 26 25 24 23 22 21 20 19 18 17 16 15 14 13 12 11 10 9
20 19 18 17 16 15 14 13 12 11 10 9 8 7 6 5 4 3 2 1 0 1 2 3 20 19 18 17 16 15 14 13 12 11 10 9 8 7 6 5 4 3 2 1 0 1 2 3 25 26 27 28 27 26 25 24 23 22 21 20 19 18 17 16 15 14 13 12 11 10 9 8 25 26 27 28 27 26 25 24 23 22 21 20 19 18 17 16 15 14 13 12 11 10 9 8
21 20 19 18 17 16 15 14 13 12 11 10 9 8 7 6 5 4 3 2 1 0 1 2 21 20 19 18 17 16 15 14 13 12 11 10 9 8 7 6 5 4 3 2 1 0 1 2 26 27 28 27 26 25 24 23 22 21 20 19 18 17 16 15 14 13 12 11 10 9 8 7 26 27 28 27 26 25 24 23 22 21 20 19 18 17 16 15 14 13 12 11 10 9 8 7
22 21 20 19 18 17 16 15 14 13 12 11 10 9 8 7 6 5 4 3 2 1 0 1 22 21 20 19 18 17 16 15 14 13 12 11 10 9 8 7 6 5 4 3 2 1 0 1 27 28 27 26 25 24 23 22 21 20 19 18 17 16 15 14 13 12 11 10 9 8 7 6 27 28 27 26 25 24 23 22 21 20 19 18 17 16 15 14 13 12 11 10 9 8 7 6
23 22 21 20 19 18 17 16 15 14 13 12 11 10 9 8 7 6 5 4 3 2 1 0 23 22 21 20 19 18 17 16 15 14 13 12 11 10 9 8 7 6 5 4 3 2 1 0 28 27 26 25 24 23 22 21 20 19 18 17 16 15 14 13 12 11 10 9 8 7 6 5 28 27 26 25 24 23 22 21 20 19 18 17 16 15 14 13 12 11 10 9 8 7 6 5
0 1 2 3 4 5 6 7 8 9 10 11 12 13 14 15 16 17 18 19 20 21 22 23 0 1 2 3 4 5 6 7 8 9 10 11 12 13 14 15 16 17 18 19 20 21 22 23 5 6 7 8 9 10 11 12 13 14 15 16 17 18 19 20 21 22 23 24 25 26 27 28 5 6 7 8 9 10 11 12 13 14 15 16 17 18 19 20 21 22 23 24 25 26 27 28
1 0 1 2 3 4 5 6 7 8 9 10 11 12 13 14 15 16 17 18 19 20 21 22 1 0 1 2 3 4 5 6 7 8 9 10 11 12 13 14 15 16 17 18 19 20 21 22 6 7 8 9 10 11 12 13 14 15 16 17 18 19 20 21 22 23 24 25 26 27 28 27 6 7 8 9 10 11 12 13 14 15 16 17 18 19 20 21 22 23 24 25 26 27 28 27
2 1 0 1 2 3 4 5 6 7 8 9 10 11 12 13 14 15 16 17 18 19 20 21 2 1 0 1 2 3 4 5 6 7 8 9 10 11 12 13 14 15 16 17 18 19 20 21 7 8 9 10 11 12 13 14 15 16 17 18 19 20 21 22 23 24 25 26 27 28 27 26 7 8 9 10 11 12 13 14 15 16 17 18 19 20 21 22 23 24 25 26 27 28 27 26
3 2 1 0 1 2 3 4 5 6 7 8 9 10 11 12 13 14 15 16 17 18 19 20 3 2 1 0 1 2 3 4 5 6 7 8 9 10 11 12 13 14 15 16 17 18 19 20 8 9 10 11 12 13 14 15 16 17 18 19 20 21 22 23 24 25 26 27 28 27 26 25 8 9 10 11 12 13 14 15 16 17 18 19 20 21 22 23 24 25 26 27 28 27 26 25
4 3 2 1 0 1 2 3 4 5 6 7 8 9 10 11 12 13 14 15 16 17 18 19 4 3 2 1 0 1 2 3 4 5 6 7 8 9 10 11 12 13 14 15 16 17 18 19 9 10 11 12 13 14 15 16 17 18 19 20 21 22 23 24 25 26 27 28 27 26 25 24 9 10 11 12 13 14 15 16 17 18 19 20 21 22 23 24 25 26 27 28 27 26 25 24
5 4 3 2 1 0 1 2 3 4 5 6 7 8 9 10 11 12 13 14 15 16 17 18 5 4 3 2 1 0 1 2 3 4 5 6 7 8 9 10 11 12 13 14 15 16 17 18 10 11 12 13 14 15 16 17 18 19 20 21 22 23 24 25 26 27 28 27 26 25 24 23 10 11 12 13 14 15 16 17 18 19 20 21 22 23 24 25 26 27 28 27 26 25 24 23
6 5 4 3 2 1 0 1 2 3 4 5 6 7 8 9 10 11 12 13 14 15 16 17 6 5 4 3 2 1 0 1 2 3 4 5 6 7 8 9 10 11 12 13 14 15 16 17 11 12 13 14 15 16 17 18 19 20 21 22 23 24 25 26 27 28 27 26 25 24 23 22 11 12 13 14 15 16 17 18 19 20 21 22 23 24 25 26 27 28 27 26 25 24 23 22
7 6 5 4 3 2 1 0 1 2 3 4 5 6 7 8 9 10 11 12 13 14 15 16 7 6 5 4 3 2 1 0 1 2 3 4 5 6 7 8 9 10 11 12 13 14 15 16 12 13 14 15 16 17 18 19 20 21 22 23 24 25 26 27 28 27 26 25 24 23 22 21 12 13 14 15 16 17 18 19 20 21 22 23 24 25 26 27 28 27 26 25 24 23 22 21
8 7 6 5 4 3 2 1 0 1 2 3 4 5 6 7 8 9 10 11 12 13 14 15 8 7 6 5 4 3 2 1 0 1 2 3 4 5 6 7 8 9 10 11 12 13 14 15 13 14 15 16 17 18 19 20 21 22 23 24 25 26 27 28 27 26 25 24 23 22 21 20 13 14 15 16 17 18 19 20 21 22 23 24 25 26 27 28 27 26 25 24 23 22 21 20
9 8 7 6 5 4 3 2 1 0 1 2 3 4 5 6 7 8 9 10 11 12 13 14 9 8 7 6 5 4 3 2 1 0 1 2 3 4 5 6 7 8 9 10 11 12 13 14 14 15 16 17 18 19 20 21 22 23 24 25 26 27 28 27 26 25 24 23 22 21 20 19 14 15 16 17 18 19 20 21 22 23 24 25 26 27 28 27 26 25 24 23 22 21 20 19
10 9 8 7 6 5 4 3 2 1 0 1 2 3 4 5 6 7 8 9 10 11 12 13 10 9 8 7 6 5 4 3 2 1 0 1 2 3 4 5 6 7 8 9 10 11 12 13 15 16 17 18 19 20 21 22 23 24 25 26 27 28 27 26 25 24 23 22 21 20 19 18 15 16 17 18 19 20 21 22 23 24 25 26 27 28 27 26 25 24 23 22 21 20 19 18
11 10 9 8 7 6 5 4 3 2 1 0 1 2 3 4 5 6 7 8 9 10 11 12 11 10 9 8 7 6 5 4 3 2 1 0 1 2 3 4 5 6 7 8 9 10 11 12 16 17 18 19 20 21 22 23 24 25 26 27 28 27 26 25 24 23 22 21 20 19 18 17 16 17 18 19 20 21 22 23 24 25 26 27 28 27 26 25 24 23 22 21 20 19 18 17
12 11 10 9 8 7 6 5 4 3 2 1 0 1 2 3 4 5 6 7 8 9 10 11 12 11 10 9 8 7 6 5 4 3 2 1 0 1 2 3 4 5 6 7 8 9 10 11 17 18 19 20 21 22 23 24 25 26 27 28 27 26 25 24 23 22 21 20 19 18 17 16 17 18 19 20 21 22 23 24 25 26 27 28 27 26 25 24 23 22 21 20 19 18 17 16
13 12 11 10 9 8 7 6 5 4 3 2 1 0 1 2 3 4 5 6 7 8 9 10 13 12 11 10 9 8 7 6 5 4 3 2 1 0 1 2 3 4 5 6 7 8 9 10 18 19 20 21 22 23 24 25 26 27 28 27 26 25 24 23 22 21 20 19 18 17 16 15 18 19 20 21 22 23 24 25 26 27 28 27 26 25 24 23 22 21 20 19 18 17 16 15
14 13 12 11 10 9 8 7 6 5 4 3 2 1 0 1 2 3 4 5 6 7 8 9 14 13 12 11 10 9 8 7 6 5 4 3 2 1 0 1 2 3 4 5 6 7 8 9 19 20 21 22 23 24 25 26 27 28 27 26 25 24 23 22 21 20 19 18 17 16 15 14 19 20 21 22 23 24 25 26 27 28 27 26 25 24 23 22 21 20 19 18 17 16 15 14
15 14 13 12 11 10 9 8 7 6 5 4 3 2 1 0 1 2 3 4 5 6 7 8 15 14 13 12 11 10 9 8 7 6 5 4 3 2 1 0 1 2 3 4 5 6 7 8 20 21 22 23 24 25 26 27 28 27 26 25 24 23 22 21 20 19 18 17 16 15 14 13 20 21 22 23 24 25 26 27 28 27 26 25 24 23 22 21 20 19 18 17 16 15 14 13
16 15 14 13 12 11 10 9 8 7 6 5 4 3 2 1 0 1 2 3 4 5 6 7 16 15 14 13 12 11 10 9 8 7 6 5 4 3 2 1 0 1 2 3 4 5 6 7 21 22 23 24 25 26 27 28 27 26 25 24 23 22 21 20 19 18 17 16 15 14 13 12 21 22 23 24 25 26 27 28 27 26 25 24 23 22 21 20 19 18 17 16 15 14 13 12
17 16 15 14 13 12 11 10 9 8 7 6 5 4 3 2 1 0 1 2 3 4 5 6 17 16 15 14 13 12 11 10 9 8 7 6 5 4 3 2 1 0 1 2 3 4 5 6 22 23 24 25 26 27 28 27 26 25 24 23 22 21 20 19 18 17 16 15 14 13 12 11 22 23 24 25 26 27 28 27 26 25 24 23 22 21 20 19 18 17 16 15 14 13 12 11
18 17 16 15 14 13 12 11 10 9 8 7 6 5 4 3 2 1 0 1 2 3 4 5 18 17 16 15 14 13 12 11 10 9 8 7 6 5 4 3 2 1 0 1 2 3 4 5 23 24 25 26 27 28 27 26 25 24 23 22 21 20 19 18 17 16 15 14 13 12 11 10 23 24 25 26 27 28 27 26 25 24 23 22 21 20 19 18 17 16 15 14 13 12 11 10
19 18 17 16 15 14 13 12 11 10 9 8 7 6 5 4 3 2 1 0 1 2 3 4 19 18 17 16 15 14 13 12 11 10 9 8 7 6 5 4 3 2 1 0 1 2 3 4 24 25 26 27 28 27 26 25 24 23 22 21 20 19 18 17 16 15 14 13 12 11 10 9 24 25 26 27 28 27 26 25 24 23 22 21 20 19 18 17 16 15 14 13 12 11 10 9
20 19 18 17 16 15 14 13 12 11 10 9 8 7 6 5 4 3 2 1 0 1 2 3 20 19 18 17 16 15 14 13 12 11 10 9 8 7 6 5 4 3 2 1 0 1 2 3 25 26 27 28 27 26 25 24 23 22 21 20 19 18 17 16 15 14 13 12 11 10 9 8 25 26 27 28 27 26 25 24 23 22 21 20 19 18 17 16 15 14 13 12 11 10 9 8
21 20 19 18 17 16 15 14 13 12 11 10 9 8 7 6 5 4 3 2 1 0 1 2 21 20 19 18 17 16 15 14 13 12 11 10 9 8 7 6 5 4 3 2 1 0 1 2 26 27 28 27 26 25 24 23 22 21 20 19 18 17 16 15 14 13 12 11 10 9 8 7 26 27 28 27 26 25 24 23 22 21 20 19 18 17 16 15 14 13 12 11 10 9 8 7
22 21 20 19 18 17 16 15 14 13 12 11 10 9 8 7 6 5 4 3 2 1 0 1 22 21 20 19 18 17 16 15 14 13 12 11 10 9 8 7 6 5 4 3 2 1 0 1 27 28 27 26 25 24 23 22 21 20 19 18 17 16 15 14 13 12 11 10 9 8 7 6 27 28 27 26 25 24 23 22 21 20 19 18 17 16 15 14 13 12 11 10 9 8 7 6
23 22 21 20 19 18 17 16 15 14 13 12 11 10 9 8 7 6 5 4 3 2 1 0 23 22 21 20 19 18 17 16 15 14 13 12 11 10 9 8 7 6 5 4 3 2 1 0 28 27 26 25 24 23 22 21 20 19 18 17 16 15 14 13 12 11 10 9 8 7 6 5 28 27 26 25 24 23 22 21 20 19 18 17 16 15 14 13 12 11 10 9 8 7 6 5
5 6 7 8 9 10 11 12 13 14 15 16 17 18 19 20 21 22 23 24 25 26 27 28 5 6 7 8 9 10 11 12 13 14 15 16 17 18 19 20 21 22 23 24 25 26 27 28 0 1 2 3 4 5 6 7 8 9 10 11 12 13 14 15 16 17 18 19 20 21 22 23 0 1 2 3 4 5 6 7 8 9 10 11 12 13 14 15 16 17 18 19 20 21 22 23
6 7 8 9 10 11 12 13 14 15 16 17 18 19 20 21 22 23 24 25 26 27 28 27 6 7 8 9 10 11 12 13 14 15 16 17 18 19 20 21 22 23 24 25 26 27 28 27 1 0 1 2 3 4 5 6 7 8 9 10 11 12 13 14 15 16 17 18 19 20 21 22 1 0 1 2 3 4 5 6 7 8 9 10 11 12 13 14 15 16 17 18 19 20 21 22
7 8 9 10 11 12 13 14 15 16 17 18 19 20 21 22 23 24 25 26 27 28 27 26 7 8 9 10 11 12 13 14 15 16 17 18 19 20 21 22 23 24 25 26 27 28 27 26 2 1 0 1 2 3 4 5 6 7 8 9 10 11 12 13 14 15 16 17 18 19 20 21 2 1 0 1 2 3 4 5 6 7 8 9 10 11 12 13 14 15 16 17 18 19 20 21
8 9 10 11 12 13 14 15 16 17 18 19 20 21 22 23 24 25 26 27 28 27 26 25 8 9 10 11 12 13 14 15 16 17 18 19 20 21 22 23 24 25 26 27 28 27 26 25 3 2 1 0 1 2 3 4 5 6 7 8 9 10 11 12 13 14 15 16 17 18 19 20 3 2 1 0 1 2 3 4 5 6 7 8 9 10 11 12 13 14 15 16 17 18 19 20
9 10 11 12 13 14 15 16 17 18 19 20 21 22 23 24 25 26 27 28 27 26 25 24 9 10 11 12 13 14 15 16 17 18 19 20 21 22 23 24 25 26 27 28 27 26 25 24 4 3 2 1 0 1 2 3 4 5 6 7 8 9 10 11 12 13 14 15 16 17 18 19 4 3 2 1 0 1 2 3 4 5 6 7 8 9 10 11 12 13 14 15 16 17 18 19
10 11 12 13 14 15 16 17 18 19 20 21 22 23 24 25 26 27 28 27 26 25 24 23 10 11 12 13 14 15 16 17 18 19 20 21 22 23 24 25 26 27 28 27 26 25 24 23 5 4 3 2 1 0 1 2 3 4 5 6 7 8 9 10 11 12 13 14 15 16 17 18 5 4 3 2 1 0 1 2 3 4 5 6 7 8 9 10 11 12 13 14 15 16 17 18
11 12 13 14 15 16 17 18 19 20 21 22 23 24 25 26 27 28 27 26 25 24 23 22 11 12 13 14 15 16 17 18 19 20 21 22 23 24 25 26 27 28 27 26 25 24 23 22 6 5 4 3 2 1 0 1 2 3 4 5 6 7 8 9 10 11 12 13 14 15 16 17 6 5 4 3 2 1 0 1 2 3 4 5 6 7 8 9 10 11 12 13 14 15 16 17
12 13 14 15 16 17 18 19 20 21 22 23 24 25 26 27 28 27 26 25 24 23 22 21 12 13 14 15 16 17 18 19 20 21 22 23 24 25 26 27 28 27 26 25 24 23 22 21 7 6 5 4 3 2 1 0 1 2 3 4 5 6 7 8 9 10 11 12 13 14 15 16 7 6 5 4 3 2 1 0 1 2 3 4 5 6 7 8 9 10 11 12 13 14 15 16
13 14 15 16 17 18 19 20 21 22 23 24 25 26 27 28 27 26 25 24 23 22 21 20 13 14 15 16 17 18 19 20 21 22 23 24 25 26 27 28 27 26 25 24 23 22 21 20 8 7 6 5 4 3 2 1 0 1 2 3 4 5 6 7 8 9 10 11 12 13 14 15 8 7 6 5 4 3 2 1 0 1 2 3 4 5 6 7 8 9 10 11 12 13 14 15
14 15 16 17 18 19 20 21 22 23 24 25 26 27 28 27 26 25 24 23 22 21 20 19 14 15 16 17 18 19 20 21 22 23 24 25 26 27 28 27 26 25 24 23 22 21 20 19 9 8 7 6 5 4 3 2 1 0 1 2 3 4 5 6 7 8 9 10 11 12 13 14 9 8 7 6 5 4 3 2 1 0 1 2 3 4 5 6 7 8 9 10 11 12 13 14
15 16 17 18 19 20 21 22 23 24 25 26 27 28 27 26 25 24 23 22 21 20 19 18 15 16 17 18 19 20 21 22 23 24 25 26 27 28 27 26 25 24 23 22 21 20 19 18 10 9 8 7 6 5 4 3 2 1 0 1 2 3 4 5 6 7 8 9 10 11 12 13 10 9 8 7 6 5 4 3 2 1 0 1 2 3 4 5 6 7 8 9 10 11 12 13
16 17 18 19 20 21 22 23 24 25 26 27 28 27 26 25 24 23 22 21 20 19 18 17 16 17 18 19 20 21 22 23 24 25 26 27 28 27 26 25 24 23 22 21 20 19 18 17 11 10 9 8 7 6 5 4 3 2 1 0 1 2 3 4 5 6 7 8 9 10 11 12 11 10 9 8 7 6 5 4 3 2 1 0 1 2 3 4 5 6 7 8 9 10 11 12
17 18 19 20 21 22 23 24 25 26 27 28 27 26 25 24 23 22 21 20 19 18 17 16 17 18 19 20 21 22 23 24 25 26 27 28 27 26 25 24 23 22 21 20 19 18 17 16 12 11 10 9 8 7 6 5 4 3 2 1 0 1 2 3 4 5 6 7 8 9 10 11 12 11 10 9 8 7 6 5 4 3 2 1 0 1 2 3 4 5 6 7 8 9 10 11
18 19 20 21 22 23 24 25 26 27 28 27 26 25 24 23 22 21 20 19 18 17 16 15 18 19 20 21 22 23 24 25 26 27 28 27 26 25 24 23 22 21 20 19 18 17 16 15 13 12 11 10 9 8 7 6 5 4 3 2 1 0 1 2 3 4 5 6 7 8 9 10 13 12 11 10 9 8 7 6 5 4 3 2 1 0 1 2 3 4 5 6 7 8 9 10
19 20 21 22 23 24 25 26 27 28 27 26 25 24 23 22 21 20 19 18 17 16 15 14 19 20 21 22 23 24 25 26 27 28 27 26 25 24 23 22 21 20 19 18 17 16 15 14 14 13 12 11 10 9 8 7 6 5 4 3 2 1 0 1 2 3 4 5 6 7 8 9 14 13 12 11 10 9 8 7 6 5 4 3 2 1 0 1 2 3 4 5 6 7 8 9
20 21 22 23 24 25 26 27 28 27 26 25 24 23 22 21 20 19 18 17 16 15 14 13 20 21 22 23 24 25 26 27 28 27 26 25 24 23 22 21 20 19 18 17 16 15 14 13 15 14 13 12 11 10 9 8 7 6 5 4 3 2 1 0 1 2 3 4 5 6 7 8 15 14 13 12 11 10 9 8 7 6 5 4 3 2 1 0 1 2 3 4 5 6 7 8
21 22 23 24 25 26 27 28 27 26 25 24 23 22 21 20 19 18 17 16 15 14 13 12 21 22 23 24 25 26 27 28 27 26 25 24 23 22 21 20 19 18 17 16 15 14 13 12 16 15 14 13 12 11 10 9 8 7 6 5 4 3 2 1 0 1 2 3 4 5 6 7 16 15 14 13 12 11 10 9 8 7 6 5 4 3 2 1 0 1 2 3 4 5 6 7
22 23 24 25 26 27 28 27 26 25 24 23 22 21 20 19 18 17 16 15 14 13 12 11 22 23 24 25 26 27 28 27 26 25 24 23 22 21 20 19 18 17 16 15 14 13 12 11 17 16 15 14 13 12 11 10 9 8 7 6 5 4 3 2 1 0 1 2 3 4 5 6 17 16 15 14 13 12 11 10 9 8 7 6 5 4 3 2 1 0 1 2 3 4 5 6
23 24 25 26 27 28 27 26 25 24 23 22 21 20 19 18 17 16 15 14 13 12 11 10 23 24 25 26 27 28 27 26 25 24 23 22 21 20 19 18 17 16 15 14 13 12 11 10 18 17 16 15 14 13 12 11 10 9 8 7 6 5 4 3 2 1 0 1 2 3 4 5 18 17 16 15 14 13 12 11 10 9 8 7 6 5 4 3 2 1 0 1 2 3 4 5
24 25 26 27 28 27 26 25 24 23 22 21 20 19 18 17 16 15 14 13 12 11 10 9 24 25 26 27 28 27 26 25 24 23 22 21 20 19 18 17 16 15 14 13 12 11 10 9 19 18 17 16 15 14 13 12 11 10 9 8 7 6 5 4 3 2 1 0 1 2 3 4 19 18 17 16 15 14 13 12 11 10 9 8 7 6 5 4 3 2 1 0 1 2 3 4
25 26 27 28 27 26 25 24 23 22 21 20 19 18 17 16 15 14 13 12 11 10 9 8 25 26 27 28 27 26 25 24 23 22 21 20 19 18 17 16 15 14 13 12 11 10 9 8 20 19 18 17 16 15 14 13 12 11 10 9 8 7 6 5 4 3 2 1 0 1 2 3 20 19 18 17 16 15 14 13 12 11 10 9 8 7 6 5 4 3 2 1 0 1 2 3
26 27 28 27 26 25 24 23 22 21 20 19 18 17 16 15 14 13 12 11 10 9 8 7 26 27 28 27 26 25 24 23 22 21 20 19 18 17 16 15 14 13 12 11 10 9 8 7 21 20 19 18 17 16 15 14 13 12 11 10 9 8 7 6 5 4 3 2 1 0 1 2 21 20 19 18 17 16 15 14 13 12 11 10 9 8 7 6 5 4 3 2 1 0 1 2
27 28 27 26 25 24 23 22 21 20 19 18 17 16 15 14 13 12 11 10 9 8 7 6 27 28 27 26 25 24 23 22 21 20 19 18 17 16 15 14 13 12 11 10 9 8 7 6 22 21 20 19 18 17 16 15 14 13 12 11 10 9 8 7 6 5 4 3 2 1 0 1 22 21 20 19 18 17 16 15 14 13 12 11 10 9 8 7 6 5 4 3 2 1 0 1
28 27 26 25 24 23 22 21 20 19 18 17 16 15 14 13 12 11 10 9 8 7 6 5 28 27 26 25 24 23 22 21 20 19 18 17 16 15 14 13 12 11 10 9 8 7 6 5 23 22 21 20 19 18 17 16 15 14 13 12 11 10 9 8 7 6 5 4 3 2 1 0 23 22 21 20 19 18 17 16 15 14 13 12 11 10 9 8 7 6 5 4 3 2 1 0
5 6 7 8 9 10 11 12 13 14 15 16 17 18 19 20 21 22 23 24 25 26 27 28 5 6 7 8 9 10 11 12 13 14 15 16 17 18 19 20 21 22 23 24 25 26 27 28 0 1 2 3 4 5 6 7 8 9 10 11 12 13 14 15 16 17 18 19 20 21 22 23 0 1 2 3 4 5 6 7 8 9 10 11 12 13 14 15 16 17 18 19 20 21 22 23
6 7 8 9 10 11 12 13 14 15 16 17 18 19 20 21 22 23 24 25 26 27 28 27 6 7 8 9 10 11 12 13 14 15 16 17 18 19 20 21 22 23 24 25 26 27 28 27 1 0 1 2 3 4 5 6 7 8 9 10 11 12 13 14 15 16 17 18 19 20 21 22 1 0 1 2 3 4 5 6 7 8 9 10 11 12 13 14 15 16 17 18 19 20 21 22
7 8 9 10 11 12 13 14 15 16 17 18 19 20 21 22 23 24 25 26 27 28 27 26 7 8 9 10 11 12 13 14 15 16 17 18 19 20 21 22 23 24 25 26 27 28 27 26 2 1 0 1 2 3 4 5 6 7 8 9 10 11 12 13 14 15 16 17 18 19 20 21 2 1 0 1 2 3 4 5 6 7 8 9 10 11 12 13 14 15 16 17 18 19 20 21
8 9 10 11 12 13 14 15 16 17 18 19 20 21 22 23 24 25 26 27 28 27 26 25 8 9 10 11 12 13 14 15 16 17 18 19 20 21 22 23 24 25 26 27 28 27 26 25 3 2 1 0 1 2 3 4 5 6 7 8 9 10 11 12 13 14 15 16 17 18 19 20 3 2 1 0 1 2 3 4 5 6 7 8 9 10 11 12 13 14 15 16 17 18 19 20
9 10 11 12 13 14 15 16 17 18 19 20 21 22 23 24 25 26 27 28 27 26 25 24 9 10 11 12 13 14 15 16 17 18 19 20 21 22 23 24 25 26 27 28 27 26 25 24 4 3 2 1 0 1 2 3 4 5 6 7 8 9 10 11 12 13 14 15 16 17 18 19 4 3 2 1 0 1 2 3 4 5 6 7 8 9 10 11 12 13 14 15 16 17 18 19
10 11 12 13 14 15 16 17 18 19 20 21 22 23 24 25 26 27 28 27 26 25 24 23 10 11 12 13 14 15 16 17 18 19 20 21 22 23 24 25 26 27 28 27 26 25 24 23 5 4 3 2 1 0 1 2 3 4 5 6 7 8 9 10 11 12 13 14 15 16 17 18 5 4 3 2 1 0 1 2 3 4 5 6 7 8 9 10 11 12 13 14 15 16 17 18
11 12 13 14 15 16 17 18 19 20 21 22 23 24 25 26 27 28 27 26 25 24 23 22 11 12 13 14 15 16 17 18 19 20 21 22 23 24 25 26 27 28 27 26 25 24 23 22 6 5 4 3 2 1 0 1 2 3 4 5 6 7 8 9 10 11 12 13 14 15 16 17 6 5 4 3 2 1 0 1 2 3 4 5 6 7 8 9 10 11 12 13 14 15 16 17
12 13 14 15 16 17 18 19 20 21 22 23 24 25 26 27 28 27 26 25 24 23 22 21 12 13 14 15 16 17 18 19 20 21 22 23 24 25 26 27 28 27 26 25 24 23 22 21 7 6 5 4 3 2 1 0 1 2 3 4 5 6 7 8 9 10 11 12 13 14 15 16 7 6 5 4 3 2 1 0 1 2 3 4 5 6 7 8 9 10 11 12 13 14 15 16
13 14 15 16 17 18 19 20 21 22 23 24 25 26 27 28 27 26 25 24 23 22 21 20 13 14 15 16 17 18 19 20 21 22 23 24 25 26 27 28 27 26 25 24 23 22 21 20 8 7 6 5 4 3 2 1 0 1 2 3 4 5 6 7 8 9 10 11 12 13 14 15 8 7 6 5 4 3 2 1 0 1 2 3 4 5 6 7 8 9 10 11 12 13 14 15
14 15 16 17 18 19 20 21 22 23 24 25 26 27 28 27 26 25 24 23 22 21 20 19 14 15 16 17 18 19 20 21 22 23 24 25 26 27 28 27 26 25 24 23 22 21 20 19 9 8 7 6 5 4 3 2 1 0 1 2 3 4 5 6 7 8 9 10 11 12 13 14 9 8 7 6 5 4 3 2 1 0 1 2 3 4 5 6 7 8 9 10 11 12 13 14
15 16 17 18 19 20 21 22 23 24 25 26 27 28 27 26 25 24 23 22 21 20 19 18 15 16 17 18 19 20 21 22 23 24 25 26 27 28 27 26 25 24 23 22 21 20 19 18 10 9 8 7 6 5 4 3 2 1 0 1 2 3 4 5 6 7 8 9 10 11 12 13 10 9 8 7 6 5 4 3 2 1 0 1 2 3 4 5 6 7 8 9 10 11 12 13
16 17 18 19 20 21 22 23 24 25 26 27 28 27 26 25 24 23 22 21 20 19 18 17 16 17 18 19 20 21 22 23 24 25 26 27 28 27 26 25 24 23 22 21 20 19 18 17 11 10 9 8 7 6 5 4 3 2 1 0 1 2 3 4 5 6 7 8 9 10 11 12 11 10 9 8 7 6 5 4 3 2 1 0 1 2 3 4 5 6 7 8 9 10 11 12
17 18 19 20 21 22 23 24 25 26 27 28 27 26 25 24 23 22 21 20 19 18 17 16 17 18 19 20 21 22 23 24 25 26 27 28 27 26 25 24 23 22 21 20 19 18 17 16 12 11 10 9 8 7 6 5 4 3 2 1 0 1 2 3 4 5 6 7 8 9 10 11 12 11 10 9 8 7 6 5 4 3 2 1 0 1 2 3 4 5 6 7 8 9 10 11
18 19 20 21 22 23 24 25 26 27 28 27 26 25 24 23 22 21 20 19 18 17 16 15 18 19 20 21 22 23 24 25 26 27 28 27 26 25 24 23 22 21 20 19 18 17 16 15 13 12 11 10 9 8 7 6 5 4 3 2 1 0 1 2 3 4 5 6 7 8 9 10 13 12 11 10 9 8 7 6 5 4 3 2 1 0 1 2 3 4 5 6 7 8 9 10
19 20 21 22 23 24 25 26 27 28 27 26 25 24 23 22 21 20 19 18 17 16 15 14 19 20 21 22 23 24 25 26 27 28 27 26 25 24 23 22 21 20 19 18 17 16 15 14 14 13 12 11 10 9 8 7 6 5 4 3 2 1 0 1 2 3 4 5 6 7 8 9 14 13 12 11 10 9 8 7 6 5 4 3 2 1 0 1 2 3 4 5 6 7 8 9
20 21 22 23 24 25 26 27 28 27 26 25 24 23 22 21 20 19 18 17 16 15 14 13 20 21 22 23 24 25 26 27 28 27 26 25 24 23 22 21 20 19 18 17 16 15 14 13 15 14 13 12 11 10 9 8 7 6 5 4 3 2 1 0 1 2 3 4 5 6 7 8 15 14 13 12 11 10 9 8 7 6 5 4 3 2 1 0 1 2 3 4 5 6 7 8
21 22 23 24 25 26 27 28 27 26 25 24 23 22 21 20 19 18 17 16 15 14 13 12 21 22 23 24 25 26 27 28 27 26 25 24 23 22 21 20 19 18 17 16 15 14 13 12 16 15 14 13 12 11 10 9 8 7 6 5 4 3 2 1 0 1 2 3 4 5 6 7 16 15 14 13 12 11 10 9 8 7 6 5 4 3 2 1 0 1 2 3 4 5 6 7
22 23 24 25 26 27 28 27 26 25 24 23 22 21 20 19 18 17 16 15 14 13 12 11 22 23 24 25 26 27 28 27 26 25 24 23 22 21 20 19 18 17 16 15 14 13 12 11 17 16 15 14 13 12 11 10 9 8 7 6 5 4 3 2 1 0 1 2 3 4 5 6 17 16 15 14 13 12 11 10 9 8 7 6 5 4 3 2 1 0 1 2 3 4 5 6
23 24 25 26 27 28 27 26 25 24 23 22 21 20 19 18 17 16 15 14 13 12 11 10 23 24 25 26 27 28 27 26 25 24 23 22 21 20 19 18 17 16 15 14 13 12 11 10 18 17 16 15 14 13 12 11 10 9 8 7 6 5 4 3 2 1 0 1 2 3 4 5 18 17 16 15 14 13 12 11 10 9 8 7 6 5 4 3 2 1 0 1 2 3 4 5
24 25 26 27 28 27 26 25 24 23 22 21 20 19 18 17 16 15 14 13 12 11 10 9 24 25 26 27 28 27 26 25 24 23 22 21 20 19 18 17 16 15 14 13 12 11 10 9 19 18 17 16 15 14 13 12 11 10 9 8 7 6 5 4 3 2 1 0 1 2 3 4 19 18 17 16 15 14 13 12 11 10 9 8 7 6 5 4 3 2 1 0 1 2 3 4
25 26 27 28 27 26 25 24 23 22 21 20 19 18 17 16 15 14 13 12 11 10 9 8 25 26 27 28 27 26 25 24 23 22 21 20 19 18 17 16 15 14 13 12 11 10 9 8 20 19 18 17 16 15 14 13 12 11 10 9 8 7 6 5 4 3 2 1 0 1 2 3 20 19 18 17 16 15 14 13 12 11 10 9 8 7 6 5 4 3 2 1 0 1 2 3
26 27 28 27 26 25 24 23 22 21 20 19 18 17 16 15 14 13 12 11 10 9 8 7 26 27 28 27 26 25 24 23 22 21 20 19 18 17 16 15 14 13 12 11 10 9 8 7 21 20 19 18 17 16 15 14 13 12 11 10 9 8 7 6 5 4 3 2 1 0 1 2 21 20 19 18 17 16 15 14 13 12 11 10 9 8 7 6 5 4 3 2 1 0 1 2
27 28 27 26 25 24 23 22 21 20 19 18 17 16 15 14 13 12 11 10 9 8 7 6 27 28 27 26 25 24 23 22 21 20 19 18 17 16 15 14 13 12 11 10 9 8 7 6 22 21 20 19 18 17 16 15 14 13 12 11 10 9 8 7 6 5 4 3 2 1 0 1 22 21 20 19 18 17 16 15 14 13 12 11 10 9 8 7 6 5 4 3 2 1 0 1
28 27 26 25 24 23 22 21 20 19 18 17 16 15 14 13 12 11 10 9 8 7 6 5 28 27 26 25 24 23 22 21 20 19 18 17 16 15 14 13 12 11 10 9 8 7 6 5 23 22 21 20 19 18 17 16 15 14 13 12 11 10 9 8 7 6 5 4 3 2 1 0 23 22 21 20 19 18 17 16 15 14 13 12 11 10 9 8 7 6 5 4 3 2 1 0
]

DistancePackagingShelf: [
2 3 4 5 6 7 8 9 10 11 12 13 14 15 16 17 18 19 20 21 22 23 24 25 2 3 4 5 6 7 8 9 10 11 12 13 14 15 16 17 18 19 20 21 22 23 24 25 3 4 5 6 7 8 9 10 11 12 13 14 15 16 17 18 19 20 21 22 23 24 25 26 3 4 5 6 7 8 9 10 11 12 13 14 15 16 17 18 19 20 21 22 23 24 25 26
]
